{
 "metadata": {
  "language_info": {
   "codemirror_mode": {
    "name": "ipython",
    "version": 3
   },
   "file_extension": ".py",
   "mimetype": "text/x-python",
   "name": "python",
   "nbconvert_exporter": "python",
   "pygments_lexer": "ipython3",
   "version": "3.8.5-final"
  },
  "orig_nbformat": 2,
  "kernelspec": {
   "name": "python_defaultSpec_1598372612251",
   "display_name": "Python 3.8.5 64-bit ('.env': conda)"
  }
 },
 "nbformat": 4,
 "nbformat_minor": 2,
 "cells": [
  {
   "cell_type": "code",
   "execution_count": 12,
   "metadata": {},
   "outputs": [],
   "source": [
    "from IPython.core.interactiveshell import InteractiveShell\n",
    "InteractiveShell.ast_node_interactivity = \"all\"\n",
    "\n",
    "import numpy as np\n",
    "import scipy as sp\n",
    "import scipy.linalg as splg\n",
    "from numpy.random import default_rng\n",
    "rng = default_rng()"
   ]
  },
  {
   "cell_type": "code",
   "execution_count": 9,
   "metadata": {},
   "outputs": [
    {
     "output_type": "execute_result",
     "data": {
      "text/plain": "array([[ 0.2903168 ,  0.32539322, -0.18627876, -0.87467764, -1.06676889],\n       [ 0.54453317, -0.21552471,  1.59340777,  0.42091751,  1.40364845],\n       [ 0.83469526,  1.33187826, -0.20972767, -1.13645302,  0.50267716],\n       [-1.07938293, -0.7983745 , -1.71566741,  1.63390432, -1.66010799],\n       [-0.93308576, -1.57865521, -0.51130259,  1.57546731, -0.05281984],\n       [ 0.63514738,  0.10708489,  0.07387973, -0.47754471, -0.78995777],\n       [-1.05347723,  1.75710011,  0.99308979, -0.39369959,  2.23752459],\n       [ 0.87760477,  0.43225703, -0.05576531,  0.07912257, -1.38949503],\n       [-1.53308574,  0.9006375 , -0.63064164,  0.79360897,  0.30023883],\n       [-0.56610716, -0.22827888,  0.59393205,  0.2025367 , -0.50579677]])"
     },
     "metadata": {},
     "execution_count": 9
    },
    {
     "output_type": "execute_result",
     "data": {
      "text/plain": "array([-1.87314148, -1.5640267 , -1.81863805,  0.04619096, -0.4192307 ])"
     },
     "metadata": {},
     "execution_count": 9
    },
    {
     "output_type": "execute_result",
     "data": {
      "text/plain": "array([-0.30713442, -4.1497432 , -3.52840831,  7.16213387,  5.24165092,\n       -1.18244873, -3.53713482, -1.63234879,  2.52076251,  0.55868654])"
     },
     "metadata": {},
     "execution_count": 9
    }
   ],
   "source": [
    "mx = rng.standard_normal(size=(10,5))\n",
    "arr = rng.standard_normal(size=5) \n",
    "\n",
    "mx\n",
    "arr\n",
    "mx.dot(arr)"
   ]
  },
  {
   "cell_type": "code",
   "execution_count": 13,
   "metadata": {},
   "outputs": [
    {
     "output_type": "execute_result",
     "data": {
      "text/plain": "(array([[ 3.58172755e-02,  3.45512350e-01,  1.94525637e-01,\n         -2.02258430e-01,  3.74464954e-01, -2.18868932e-01,\n          4.49936677e-01,  1.86827324e-01,  6.08059068e-01,\n         -7.33398844e-02],\n        [-2.85846242e-01, -2.04770417e-01, -5.55799160e-01,\n         -2.27123023e-01, -4.42480638e-01, -6.75861751e-02,\n          3.24002104e-01, -3.11239483e-01,  3.33784710e-01,\n         -4.74005333e-02],\n        [-2.96941322e-01,  2.64947384e-01,  3.07637033e-01,\n          3.83703816e-01, -2.73746028e-01, -5.22424241e-04,\n          2.40753247e-01, -1.71526693e-01,  1.88466455e-02,\n          6.61123048e-01],\n        [ 6.19983936e-01, -1.57994250e-01,  2.78846809e-01,\n         -1.80008160e-02, -2.57659955e-01, -4.57353772e-02,\n          5.49672307e-01, -2.46132581e-01, -2.47864136e-01,\n         -1.41210000e-01],\n        [ 3.70203801e-01, -4.07460069e-01, -2.73914538e-01,\n          1.72299980e-01,  2.38262115e-02,  2.31713932e-01,\n          9.76899960e-02,  5.07757761e-01,  2.50110105e-01,\n          4.56107007e-01],\n        [ 1.93094453e-02,  2.99889317e-01, -8.02841543e-03,\n         -1.74149108e-01,  1.27739683e-02,  9.20361261e-01,\n          9.71061664e-02, -1.22233604e-01,  5.38591440e-02,\n         -6.92941739e-02],\n        [-5.34459026e-01, -4.40627341e-01,  3.35896012e-01,\n         -2.13541191e-01,  2.69659740e-02,  1.37000685e-01,\n          3.51008010e-01,  3.79014984e-01, -2.52994253e-01,\n         -1.06834921e-01],\n        [ 1.15304409e-01,  3.68033262e-01,  6.68510362e-02,\n         -4.51968322e-01, -6.01786264e-01, -1.08017767e-01,\n         -1.63433013e-01,  4.80873970e-01, -7.39760021e-02,\n          7.26282777e-02],\n        [ 5.78519812e-02, -3.92105516e-01,  5.32534726e-01,\n         -1.82557007e-01, -1.88506598e-01,  8.25762561e-02,\n         -4.04192965e-01, -2.40545978e-01,  5.11151991e-01,\n          3.34942356e-02],\n        [ 6.88672697e-02, -6.50077793e-02, -6.97777022e-02,\n         -6.45551355e-01,  3.51456784e-01, -8.61651975e-02,\n         -1.46963791e-02, -2.69646776e-01, -2.46676591e-01,\n          5.52000713e-01]]),\n array([4.89407864, 3.67247605, 2.67739207, 1.28287334, 1.02923193]),\n array([[-0.17550264, -0.46023739, -0.44629193,  0.41932926, -0.61835819],\n        [ 0.6470487 ,  0.0973411 , -0.05285061, -0.50498684, -0.56039968],\n        [-0.41532937,  0.71577221, -0.51272052, -0.16593357, -0.15733843],\n        [ 0.28028293, -0.28820259, -0.72487558, -0.20022372,  0.52234721],\n        [-0.54723834, -0.42815379,  0.09850576, -0.70818626, -0.07735224]]))"
     },
     "metadata": {},
     "execution_count": 13
    }
   ],
   "source": [
    "splg.svd(mx)"
   ]
  },
  {
   "cell_type": "code",
   "execution_count": 11,
   "metadata": {},
   "outputs": [],
   "source": []
  },
  {
   "cell_type": "code",
   "execution_count": null,
   "metadata": {},
   "outputs": [],
   "source": []
  }
 ]
}